ALL:    	11001100 10001000 11001010 10001000
ONE:   		10101010 10101010 10101010 10101010
TWO:   		10111011 10111011 10111011 10111011
THREE:   	10101010 10111011 10101010 10111011
FOUR: 		10111011 10101010 10111011 10101010
FIVE:  		10111011 10101010 10111011 10101010
SIX:   		10101010 10101010 10101010 10101010
SEVEN:   	10111011 10111011 10111011 10111011
EIGHT:   	10101010 10111011 10101010 10111011
NINE: 		10111011 10101010 10111011 10101010
TEN:  		10111011 10101010 10111011 10101010
ELEVEN:   	10111011 10111011 10111011 10111011
TWELVE:   	10101010 10111011 10101010 10111011
THIRTEEN: 	10111011 10101010 10111011 10101010
FOURTEEN:  	10111011 10101010 10111011 10101010
